,ADBE,AMD,ABNB,GOOGL,AMZN,AEP,AMGN,ADI,ANSS,AAPL,AMAT,ARM,ASML,AZN,TEAM,ADSK,ADP,BKR,BIIB,BKNG,AVGO,CDNS,CDW,CHTR,CTAS,CSCO,CCEP,CTSH,CMCSA,CEG,CPRT,CSGP,COST,CRWD,CSX,DDOG,DXCM,FANG,DLTR,DASH,EA,EXC,FAST,FTNT,GEHC,GILD,GFS,HON,IDXX,ILMN,INTC,INTU,ISRG,KDP,KLAC,KHC,LRCX,LIN,LULU,MAR,MRVL,MELI,META,MCHP,MU,MSFT,MRNA,MDLZ,MDB,MNST,NFLX,NVDA,NXPI,ORLY,ODFL,ON,PCAR,PANW,PAYX,PYPL,PDD,PEP,QCOM,REGN,ROP,ROST,SBUX,SMCI,SNPS,TTWO,TMUS,TSLA,TXN,TTD,VRSK,VRTX,WBD,WDAY,XEL,ZS
ADBE,1.0,0.5921499499497506,0.37407573868782973,0.5061312309628536,0.530952874545382,0.07980589827656169,0.16861803932727049,0.42475452366811595,0.45453932588924545,0.5274734383964051,0.5312627323581329,0.13428922356649542,0.5322807563959071,0.08991154314080593,0.3940454065909016,0.5364824381798732,0.33469486561556444,0.16333744653951393,0.2290646111637507,0.3461625111460961,0.5652124237178707,0.6406879059027905,0.29969507512443055,0.2855034651883151,0.4077168890142493,0.36037333622309337,0.1312518379018897,0.31769854375666406,0.27386800016803386,0.310197625611525,0.5119087713967778,0.37450067007970783,0.40819731704421003,0.46179692576297987,0.2270492881312453,0.3807239725641471,0.17212591212121364,0.16227196459304016,0.10445830595717785,0.3974445132443736,0.35482627873439715,0.18230956589781805,0.40674070574634663,0.283131209841944,0.2469918019569401,0.1709408171921079,0.46518750235203,0.34910340016400326,0.41844177691660905,0.17888995914246783,0.34525469260227865,0.5953780581240367,0.37963298049890437,0.08976740352413345,0.5549762241299296,0.04604225537351289,0.5050174178025185,0.33217932715251147,0.3017199325132286,0.388604514703494,0.5142317288688766,0.3240610085247207,0.47028165333858557,0.43701687193463495,0.40461926482801763,0.5790525599582942,0.17086503581642362,0.2125243191230607,0.42856566404258456,0.28855599240405827,0.3758730763678077,0.5414312176589241,0.45865746731531054,0.16560372557872693,0.36079771633665997,0.34959757173668005,0.2843787337530378,0.38226519501770934,0.3582627259965353,0.36745459832494304,0.3017203022374708,0.15320640868350743,0.5120225037798504,0.11883607837162832,0.45358157509583635,0.32660777932383167,0.3702030075937596,0.23306752076200762,0.6154297970973749,0.41872613973290185,0.10095884451212096,0.3899129782845367,0.47391485454091786,0.3419864553712654,0.2950660100263409,0.16697089951057903,0.2139662747009894,0.5159776986457393,0.1437575539275226,0.42679018384997325
AMD,0.5921499499497506,1.0,0.3413055840491728,0.46517271218277884,0.48914232301597405,-0.034408340386029516,0.012307590837668924,0.5056946142317166,0.42431285876912894,0.402136183968119,0.6584402916114243,0.38194379605230677,0.65117866006446,-0.05405585968622217,0.35016885356195304,0.39830809588231625,0.13762042080135456,0.05579730424099016,0.21602730821479368,0.31078010751321955,0.5190882497520127,0.6319226622684667,0.2546144237981737,0.15181060717825268,0.29475456793685745,0.22754659810786884,0.1003713449661238,0.3850180153532604,0.21828087633217405,0.2640228598288942,0.4851317061325784,0.2967895160616195,0.319604493633196,0.4753810022490206,0.21761305369246708,0.4259920001519767,0.23813263780080302,0.0621669680353916,0.09936346949718027,0.3759325005205561,0.10804445566831969,-0.012967561858978287,0.29070940509780746,0.24243612693765473,0.27658435544882987,-0.011080858754662313,0.5578126917007967,0.1920659349995611,0.2762867994385746,0.14457839348779167,0.43002029753889026,0.4887384179086249,0.321355015969475,-0.0011028578634733896,0.6454136804466674,-0.06620854699582078,0.6509209370534144,0.23266578837805296,0.23991350638192974,0.34191301635444027,0.5992940439088702,0.35828009507146535,0.4379757128901086,0.5162936635784867,0.5088635251481102,0.530360439523132,0.13295397106702164,0.11289472701876707,0.4320050111392848,0.17205576102877515,0.36267368130738403,0.6688933238600081,0.5517186256376345,0.07996217816760774,0.32865736514284555,0.5346366312310102,0.19976030600758632,0.29952106648057636,0.19043003878456463,0.1961615823939497,0.3014715521039658,-0.005685602645689215,0.49585721674391703,0.004221558836135262,0.31126411194203096,0.19571540322604603,0.23385397352292428,0.3844783289785748,0.6542749720428876,0.2935777222223942,0.04007004278436683,0.34643423015519753,0.5155032386521899,0.3235965364803314,0.08679578240850745,0.03498618225784512,0.19210741472317414,0.40888968902605716,0.0033382692614913724,0.44911672031702005
ABNB,0.37407573868782973,0.3413055840491728,1.0,0.3203080235168433,0.36014912915217095,0.06503836260326784,0.010722331321609829,0.48106131092465404,0.31466625119969277,0.3692851663995617,0.3353706144885521,0.4657890529098974,0.3648102841678299,0.004642817795920235,0.3666809968745149,0.4140031734855403,0.22963628541977082,0.2535323215019605,0.1558455222379136,0.4938243228723837,0.32012865474739327,0.35818856078317474,0.28895554377117916,0.2818274665141561,0.23003924411730173,0.26691291815974194,0.23439486378653027,0.3406274058089278,0.3246422681024416,0.14121482036518523,0.38904852689438696,0.3532840444972658,0.32972418110781687,0.34265131228532125,0.18859068491001282,0.3349985730296385,0.20585592380118675,0.15688974973451444,0.23106553230488472,0.53478302090966,0.24866689591563348,0.11673007007779747,0.28500144541363365,0.16353456365146143,0.3019278581384645,0.10061812390354494,0.42363059604967424,0.28892263699878673,0.38803671366658765,0.237847513423458,0.2853788287181369,0.3966992539382496,0.27413683864853633,0.12057753391073812,0.3081330050364429,0.06789131425239886,0.3237825444381383,0.16689212429999345,0.35361307639757444,0.4907080871234885,0.36997346794193703,0.4365121405433565,0.33496487415298726,0.42910055671965847,0.3277801499870081,0.2840114931231404,0.23582298995991435,0.13325390146182123,0.4055571611961401,0.24083780752068437,0.27112205391203814,0.2950864677170786,0.44371571649676056,0.008365042255845187,0.331435936218099,0.3802784791614925,0.31022080695140336,0.2746858649755743,0.24998834371516895,0.3991019982683087,0.28450072410561816,0.07309345364888413,0.39810270593191244,-0.012777556010500648,0.2336308742402795,0.2738892713723242,0.25162987913363843,0.243267822063777,0.3322169286118371,0.3605071108482183,0.04563490701757026,0.4309962226079518,0.3857212015881548,0.5517650624156808,0.09109005944986046,0.07024876149035161,0.3975469756939593,0.31836639903405717,0.03741286292958019,0.3760383478269937
GOOGL,0.5061312309628536,0.46517271218277884,0.3203080235168433,1.0,0.6008578463210542,0.0722349839727794,0.1565928557154542,0.31577245292210354,0.35080322011483017,0.5282734751348234,0.40395970784727125,0.3436789091910238,0.42754716472840093,0.037883901582800375,0.39352218119587895,0.4268911242198447,0.4247895198586864,0.06745985538788804,0.16390960049968967,0.32768734986469683,0.3026854564444283,0.4053576288534676,0.2136544257113085,0.20981863163175546,0.32089001250387383,0.2593782354673681,0.0871708276866189,0.26906231509965767,0.32776135212422863,0.22534278159972107,0.374169852879034,0.29475661074039805,0.3241970544358835,0.407028765482672,0.21012613246272271,0.34297088855901425,0.1619576483214973,0.003613478609262876,0.07284969247068519,0.4000669782625144,0.2449652181451728,0.06493756580950444,0.32732884506013477,0.17420662829656164,0.22715889504205,0.002785678143288303,0.3036154158784977,0.2380841641362736,0.40290921502860516,0.28071450460923936,0.30322120134555564,0.5423934767683566,0.36902984191677823,0.031296891355418396,0.39490006716301035,-0.011999686566828878,0.3931720417560456,0.2503084448738802,0.20313550400176816,0.23503534835690465,0.34059834844610415,0.38192251964325785,0.6082640768763986,0.3104522632780417,0.30219787178460805,0.5098874296246687,0.18440773588893938,0.10622144842255195,0.39726510972011236,0.2170916065769809,0.3211011486743936,0.4059323768725274,0.3101752531016118,-0.03582716016244871,0.28272148860851276,0.29041538459889965,0.09937983477464114,0.2706462240581957,0.3387347399798815,0.36091240692187077,0.25052959782545403,0.08878964036325332,0.31479039046865326,0.10736283357151685,0.3010618984678,0.1367521524195601,0.17623781214748624,0.19939168301061386,0.40067677018989634,0.4046295843215701,0.04792678019954054,0.33772941433064263,0.30953686991006263,0.4337865984261666,0.264940572599477,0.16532022490412654,0.12335064110516297,0.37141989100284667,0.09191939138682415,0.3958751315316071
AMZN,0.530952874545382,0.48914232301597405,0.36014912915217095,0.6008578463210542,1.0,0.10258729291165893,0.15163519062052136,0.33615801742686124,0.3931383761468254,0.44167743683114624,0.4178046340121378,0.34298481480700305,0.45432008738016433,0.05759649204706235,0.5795647037720895,0.42783903416663954,0.26102944830826325,0.11046341408480596,0.15204881379651192,0.4071110479292807,0.3610898809508986,0.44007255631219633,0.1908026114529053,0.16356366561966595,0.36087000285704696,0.2656256167242998,0.20487036702155256,0.3162174209715498,0.31622165910424543,0.28548058091216333,0.39693991779244714,0.44367510485170925,0.39922382141937207,0.43392890500134257,0.17828533953814957,0.493136495884733,0.22603254713197649,-0.033718264143245816,0.23127581684256587,0.44653712334550305,0.2121764609369636,0.07119221283583482,0.3614250361518768,0.08303551908656837,0.26880551496117977,0.13573142491882206,0.3696490572042684,0.28838529133298496,0.38341586900076485,0.302533207877688,0.38380807057729344,0.5345531287676066,0.330642382985315,0.05775835887316555,0.43938827026048893,0.04525511036071245,0.4176285561756231,0.25811941329595944,0.2925847646818695,0.2880401349694971,0.43246153738645315,0.4295517963502737,0.5797388326414739,0.28877351505589005,0.33362859506122144,0.5759280899191895,0.12963310608998158,0.13425397612334647,0.5209839185189952,0.20694556195565128,0.3720542428363586,0.3804115643540155,0.34859737563694637,0.08184324623949524,0.2813909607371619,0.2874306605877591,0.1261937413304633,0.3144700629860259,0.27513384111410083,0.3154568414032196,0.24744201830392426,0.12210532598033991,0.39425970477094885,0.0263973899041724,0.3162452760369206,0.23850707746405495,0.24492008239874183,0.23129580428252539,0.43455268919702367,0.33693197979526296,0.1284046213673092,0.372994156615673,0.3633028891802325,0.46505999781185714,0.25859631616690515,0.1279753407127023,0.27692761342810446,0.4591077900170149,0.09962198039435045,0.4234269400147761
AEP,0.07980589827656169,-0.034408340386029516,0.06503836260326784,0.0722349839727794,0.10258729291165893,1.0,0.3741880169819552,0.1458157829507568,0.15681698292453833,0.17574626585296296,0.017293434456769098,0.21362204287358988,0.10920386861700891,0.2271435597007763,0.12930058636438083,0.18404019410101274,0.30088188009160627,0.11844224140395324,0.3137672142179502,0.03911484035382228,0.12439989239807403,0.025437702304929494,0.1383394331067907,0.2829822842769312,0.36286341431105407,0.17150496512654984,0.3266290307906944,0.1729409943588495,0.24376569494771524,0.3054307206503355,0.17230598974624386,0.2920564117736854,0.28809408414540416,0.028075214261120196,0.3468372667786316,0.02948532578527759,0.12706323175970222,0.09983807546242404,0.2699107240960823,0.15370742687268305,0.23078387500974912,0.733849759836863,0.23039269285151187,0.09633646223642668,0.1562192981689373,0.3470675774225387,0.08552204088771681,0.45099740640805114,0.2610095390809306,0.4018175229450429,0.16398339421630612,0.2004593970942044,0.2494368860665507,0.4396535117048106,0.01708501351798292,0.5449108663868654,0.002313168777780273,0.18780592082489725,0.16700644954890226,0.08209746845375474,-0.0008689999357083309,0.0019952346950787613,0.039618169442139604,0.13188150373092364,-0.01350375282088937,0.08420194663447382,0.17652639782828708,0.4780649219353355,0.04886193920702673,0.3358883445778155,0.01647677655378101,-0.09158194422502557,0.09125003035682955,0.22101859957878567,0.18224233511550103,0.06682592071523463,0.2276418738200053,0.032264961760889534,0.31789936854510104,0.30939267808021487,0.049562673124177684,0.5599815719486774,0.14020289610588754,0.11309275099147109,0.36388555086962127,0.1764069362046604,0.3548560400405667,-0.12517820961029277,-0.006920676196202497,0.18645606516271182,0.3385670273220263,0.07935337110433681,0.24181513647639963,0.11469191305208606,0.3147442906319519,0.2833313731806049,0.2820937195194566,0.16032053332298998,0.862832305087244,0.017123720441034163
AMGN,0.16861803932727049,0.012307590837668924,0.010722331321609829,0.1565928557154542,0.15163519062052136,0.3741880169819552,1.0,0.11427281584383603,0.15956240417012904,0.08920572311880728,0.1070503094321101,0.1345142824324152,0.14788597455152663,0.2684187238528268,0.1472083517292938,0.17993514179531342,0.2699694176060965,0.05407103860072591,0.3770316611422637,0.2709646453966098,0.15262516408167792,0.07860639435433117,0.12871050139764467,0.25282627218607023,0.2179857627970731,0.21477762631685246,0.1916078991813906,0.1514433477863583,0.24852834953132638,0.22229752776298695,0.0870543651562461,0.15485509174893855,0.2869956677489959,0.03652465959219801,0.19295121328450118,-0.04482810956339615,-0.01033254837137437,0.1184368815499765,0.20207144809009972,0.04413178748211357,0.2697942221383454,0.3429980139424332,0.10528890279395517,-0.07476171208065364,0.09444778737775812,0.5328912019153793,0.07782764187108021,0.2713648928756636,0.2330470462421255,0.241973167426045,0.14288765447482887,0.19238019452076463,0.14802134894168406,0.16680578557104483,0.10588672879910659,0.30419472578533086,0.10037397205857858,0.11797943414795255,0.22278871252932658,0.12580460034970964,0.03039132370284999,0.03616637030534031,0.11292231005993576,0.08813579125861658,0.06371624276912001,0.0819010772398196,0.16649128011545308,0.23586897719864314,0.07519571196204962,0.16457368286007953,0.12760695404958666,-0.010981826590121875,0.12313745775455733,0.1922746866426998,0.11795135951276887,0.05116582430813031,0.21102606039931657,-0.021138876801850292,0.21482789590800355,0.20700915489023702,0.035437089139034435,0.2719775639732455,0.11266594005826407,0.3651754679273887,0.26924263841053575,0.24779972021270996,0.3233371156209321,-0.08164283566710002,0.06297473431106979,0.06450467758716051,0.2633665253765516,0.105554549019078,0.2030306079287278,0.016586885957510105,0.22232056506075248,0.3202524940330362,0.16604481989018005,0.09235874843996442,0.3918823294001431,0.06987029022090525
ADI,0.42475452366811595,0.5056946142317166,0.48106131092465404,0.31577245292210354,0.33615801742686124,0.1458157829507568,0.11427281584383603,1.0,0.43971709671010234,0.447298547120239,0.6752798457244625,0.5371297196074241,0.6441255129547852,0.08472767238270099,0.3592955039048262,0.5026645362159358,0.3481126091369731,0.22428547087206893,0.2337016316107559,0.385642114659235,0.538456976454687,0.4820753856359207,0.447152699121428,0.30903942437500237,0.3712984932535851,0.38343228981644,0.22788268014337978,0.4102369749394233,0.3395270455146456,0.29470207219695965,0.45500945015805927,0.39733975799795024,0.3680428454109132,0.41901285730407517,0.4017559568599777,0.356354661588881,0.2413188205947572,0.16442788992783247,0.2666321926077473,0.46659559411224466,0.2757752958084702,0.14523206724114654,0.368116151989352,0.30753382347857394,0.35684334662709377,0.11517227929158926,0.6642093780783636,0.3757548399553433,0.4667329523766733,0.26014453337496396,0.5214113806976057,0.534280861796024,0.36433650948910407,0.18088134525907593,0.643346096292413,0.08465530457056147,0.6595066937741445,0.34297580443497977,0.3287890382557023,0.4232863876417285,0.5427129989185044,0.3370921143914686,0.30936017993847487,0.8463369319666545,0.4473507631668209,0.29579551884040356,0.3107337861500373,0.14979267413513034,0.33500155223561495,0.31185161288224716,0.2863638278840339,0.38884224019172564,0.8244802072433383,0.08055503104967802,0.3292933009639896,0.7022619060913196,0.42362675242221043,0.19878154977323834,0.3435239364058925,0.3913290677325037,0.3230928612884932,0.07760567258761562,0.614913810605259,0.14762649720427573,0.3496312603529387,0.31843292039113963,0.3823883913000053,0.2811926271365049,0.4653507931451544,0.40384391098751965,0.07826626235889916,0.4297154681453427,0.7674767908498048,0.48771983177548867,0.16587837374518172,0.09876376453300567,0.34743447663151755,0.39102052536681325,0.10955243009814976,0.41556446531510915
ANSS,0.45453932588924545,0.42431285876912894,0.31466625119969277,0.35080322011483017,0.3931383761468254,0.15681698292453833,0.15956240417012904,0.43971709671010234,1.0,0.33170403246581875,0.4762132964474649,0.1958654860331495,0.4622253609081642,0.0955207639138403,0.3639553862771572,0.4951398001861612,0.2799567283623677,0.14836592319902683,0.2841095063067264,0.30019728092507175,0.4175609064144455,0.5162205742708965,0.268313420117751,0.23848298944010057,0.42462971542115147,0.261130994433664,0.22835990020653266,0.2771704621300112,0.23976627839100054,0.10742321440004585,0.4345223132955851,0.38932235681298,0.3137823282491751,0.3840725374649703,0.2794277851151957,0.31938846600502924,0.2043728003572178,0.062001031048358614,0.1622464157023655,0.28270062026231685,0.22751043430419132,0.18252890442698272,0.34892613142394147,0.21310595351349104,0.34159056831360607,0.08934893704449773,0.45157214367199444,0.34031964346911586,0.4152996415064697,0.254623662807695,0.34784434517871154,0.4713847321968856,0.3489873844105196,0.16028278049981384,0.44909441731674105,0.10016754236871836,0.4074950521591322,0.3383900498884693,0.20396887339168113,0.36537694904908435,0.4378797666409973,0.23501838096796038,0.35294904104446745,0.45377244395091426,0.33350977470199106,0.4166487263690381,0.23364386374672488,0.16549923726243873,0.33952058944680075,0.3088844258223151,0.25258863425081113,0.4632939005841433,0.4316635235551275,0.1301822630031402,0.33809199925729383,0.3514009360579269,0.27126296419089097,0.25887853656331866,0.2892471121942305,0.33743275712003323,0.23972248733299173,0.15173204984716843,0.4651555636196146,0.051857135927857595,0.43490806034566254,0.23789217994275902,0.21785727819560413,0.23147461516819262,0.38753940008631693,0.349482835639974,0.07423843553461518,0.28817485552305766,0.47509425814300105,0.28063723046048034,0.26933804126008754,0.11852318829374554,0.17244861702468614,0.4587005305592421,0.19475071000211422,0.3860216015895305
AAPL,0.5274734383964051,0.402136183968119,0.3692851663995617,0.5282734751348234,0.44167743683114624,0.17574626585296296,0.08920572311880728,0.447298547120239,0.33170403246581875,1.0,0.4511350162746513,0.3241350629005524,0.4798319061910501,0.09291583862709131,0.22882111892418505,0.45821649584611535,0.33440693576933783,0.18054834060385033,0.2392710308795435,0.2905735705169223,0.43454944959324004,0.4292932640402528,0.30370316388835744,0.26124237005211515,0.45665771521918674,0.3282912256380609,0.19914678729671195,0.2377052435460765,0.3567078660331222,0.23334084547731204,0.4514722320274615,0.34114646106400565,0.39181916990253035,0.42617672332070283,0.340965701218958,0.30114163011252043,0.14085729023806065,0.12437442805503042,0.13695790743987757,0.35562626623675586,0.31102919618497576,0.17547373180260303,0.41428475940605447,0.42849188399893035,0.28069580510949516,0.16113569462866525,0.3957282306259596,0.34608224681607136,0.4985795532906283,0.28204224330374494,0.35211678384688666,0.45533288096400726,0.42333621602264987,0.08199861399430122,0.4806776254806744,0.12806322600083783,0.4234073688998671,0.2818122700463815,0.29951780000619416,0.27710138445114985,0.3734836681790363,0.3423787763092159,0.5404233418991425,0.4596745837568266,0.337207724350942,0.5479879357128249,0.19166292815520458,0.1872356760526769,0.35990096054193216,0.3007468368185193,0.42059162844896053,0.444878974102254,0.4146558501572871,0.12920233293559444,0.3314300039611872,0.3628793323016725,0.28141144877024626,0.378020603964975,0.3595972034219053,0.4223621094505721,0.24033099887092785,0.1657239630478375,0.4640253417944555,0.18648059281691926,0.4351880522841028,0.29392960230694665,0.3245106841723658,0.23235231722844957,0.45220979682335893,0.4243268110232257,0.14985677191362115,0.4442786382820776,0.4888303538995126,0.35978461449520444,0.30062331390771857,0.265373638458913,0.21171856152130766,0.3709882959652308,0.17931807097857266,0.3406081264103687
AMAT,0.5312627323581329,0.6584402916114243,0.3353706144885521,0.40395970784727125,0.4178046340121378,0.017293434456769098,0.1070503094321101,0.6752798457244625,0.4762132964474649,0.4511350162746513,1.0,0.40533755595933907,0.7980602667591207,-0.0001485246203662508,0.2916964827494679,0.47716541370780163,0.3052592936767524,0.1750688560015645,0.2746912406944467,0.3491321781771972,0.6415442525399353,0.6131037910391107,0.3914925718558859,0.31448017669967054,0.3800590476393781,0.3285678841071219,0.16138276454783082,0.37091344447693003,0.3542694318486559,0.2655846788752705,0.5165296705838458,0.32904126362631536,0.42538983391334534,0.43630420825885274,0.3793334407995189,0.330581914579336,0.16170299363641935,0.10187892600579508,0.17973185567661662,0.4003092286095904,0.2091750102259016,0.03729166900403679,0.4339705603072617,0.2863571359347549,0.2778190292860216,0.031007107254010565,0.6555464574340722,0.27444272451468515,0.4227842933910075,0.2090795853448202,0.4672635990638429,0.49539480833654653,0.301347413505757,0.09731555171965368,0.8745279457927443,-0.03526443880552142,0.9053160928240793,0.35560738497470756,0.29958621039397115,0.40470843214202573,0.6210454537862289,0.3688445108399599,0.4267653911968611,0.7188837793321151,0.5736682004455735,0.4218508734897568,0.20681864316724116,0.11461392011945057,0.3610583287510569,0.2700369432912153,0.30279244828396973,0.5912454824875603,0.7390114530510024,0.13651027066280252,0.44142386590602095,0.6219591109776064,0.33679095793029623,0.30238554084204355,0.3372573796711919,0.27554468263553994,0.3212563798830812,0.019184964760185674,0.6174410578883035,0.10895671145396575,0.41413644603065486,0.23995047964563007,0.29901345917615507,0.40949027775374536,0.645130221700867,0.36990081120717916,0.0557881703695809,0.36826427440417997,0.6835428084942355,0.349353586259618,0.2771002297594118,0.0963116339936672,0.24671363613297384,0.43177513036871673,0.054783238068759635,0.39609238348572046
ARM,0.13428922356649542,0.38194379605230677,0.4657890529098974,0.3436789091910238,0.34298481480700305,0.21362204287358988,0.1345142824324152,0.5371297196074241,0.1958654860331495,0.3241350629005524,0.40533755595933907,1.0,0.4703445277875962,0.10670482235059864,0.4231643465927282,0.38327642673690404,0.2763689377315508,0.24569707604585805,0.24337897986048806,0.376426854301178,0.3075795087841542,0.2408515033467444,0.4333992248816606,0.24465229207354333,0.2543014769228509,0.25853749763443523,0.24750435592568854,0.32553714197050704,0.23487365100909743,0.15887982175802234,0.3336602114872067,0.3790347334132657,0.10502407770953093,0.27627500095487423,0.23524183799272405,0.3571238394398292,0.24922987417806924,0.16701436532710484,0.24483389080073845,0.3725362898936203,0.319624102464792,0.07537863020772154,0.010951404447879523,0.3335787805242496,0.40931296059855554,0.3493630041824737,0.48568118124332765,0.2514438636659934,0.3435171399045604,0.340387388187905,0.3137990631429072,0.38652651400374827,0.47049052712427564,0.1807101018180642,0.4095627557391015,0.15297685141085046,0.4192370003744777,0.2110846640339777,0.24291083521201834,0.32226904255718347,0.4236990279920551,0.3911133253359827,0.3704720939014674,0.5533111615344851,0.2229780071105432,0.2019047560068446,0.3334371342496594,0.1068914109053205,0.45135439004285766,0.2441226548920026,0.04591100639277725,0.34988885613117965,0.5719959532011465,-0.0838256854293674,0.3081158970947752,0.4243924001008323,0.38869996476084345,0.3514224614392062,0.19259816026066592,0.4925677566789895,0.23358815037410738,0.1648313739200211,0.5114236752606602,0.18533810058770755,0.12579464202013124,0.1708333629223111,0.17131923189427975,0.46007352059556333,0.24566333410783703,0.31448256203375907,0.27169079578324423,0.5280607689890133,0.5526176498370297,0.35983017938775713,0.025790088248332243,0.1370633427287561,0.3412791760971632,0.14295475722981613,0.09165629329715375,0.32815703279075314
ASML,0.5322807563959071,0.65117866006446,0.3648102841678299,0.42754716472840093,0.45432008738016433,0.10920386861700891,0.14788597455152663,0.6441255129547852,0.4622253609081642,0.4798319061910501,0.7980602667591207,0.4703445277875962,1.0,0.14324665658781943,0.3685028686068779,0.5295145080524727,0.30120262091035227,0.16532094100252687,0.2977424737798459,0.45249323041227946,0.5763853914114507,0.64083402010206,0.3971346357634801,0.2772115248324554,0.4141251522411513,0.3083464451773648,0.2914452453937517,0.39484540433221754,0.3839279329604501,0.2990504071208367,0.5644976027690737,0.3640409100735184,0.35402905300852133,0.4431194929396762,0.381352850432085,0.34795980779550434,0.20830473606100244,0.16101863995221335,0.21183261034970075,0.45084692675727295,0.3284269599286789,0.10763422556699044,0.41418016396020635,0.32411115249060113,0.36264258737604954,0.12655577782762942,0.6371962415718515,0.3283167594671964,0.506283146283896,0.25647831521132597,0.4686963453463472,0.5379553583117721,0.31720381792289737,0.08638933726057464,0.8189711083547011,0.04121394250887718,0.7865901284509446,0.3780325704172891,0.29569243662229516,0.4379882806184805,0.6187877776987598,0.3570394709214406,0.41557084777724584,0.6962225463333741,0.5625054211551128,0.46314725302455984,0.24855879529043107,0.15863364606626343,0.3683468929485092,0.30042656063563417,0.43951095714550403,0.5958874719578227,0.7000763019597761,0.1338204919591459,0.3851119040647366,0.6102174170156023,0.3275488488905066,0.29065172810829476,0.31726332687572184,0.3391408338913144,0.2998138633073817,0.06257064517724262,0.6211395744901962,0.11460247809339763,0.4692524340601259,0.307404729024821,0.36209341023539016,0.39969167240620324,0.6335339399909448,0.41392614552198,0.13500187927222798,0.40073970914174,0.7102319690098104,0.3712043929172629,0.25467714784597145,0.20284200292718751,0.3211586927459761,0.4576588239819463,0.13392236235139762,0.3820088609811357
AZN,0.08991154314080593,-0.05405585968622217,0.004642817795920235,0.037883901582800375,0.05759649204706235,0.2271435597007763,0.2684187238528268,0.08472767238270099,0.0955207639138403,0.09291583862709131,-0.0001485246203662508,0.10670482235059864,0.14324665658781943,1.0,0.04988790000847067,0.1539175322349453,0.14008196014435575,0.11316639472704278,0.25416464828781304,0.1542034739392118,0.04397817462566922,0.04244417687612666,0.05443235619165489,0.07316069702016284,0.23777645236015932,0.02281987563036225,0.21015753231497028,0.010641462396458244,0.04569922166830216,0.15582007259826358,0.09517697304125129,0.16530343330307984,0.05469191590568177,0.037844352011371866,0.13391991259413616,-0.024714694211699497,0.03779733332373131,0.11320171342490354,0.1035118011994228,0.013680040429644658,0.21450727602029013,0.23580542008397176,0.058920150196409775,0.10041203309041523,0.13507106767114416,0.3056707064490971,0.06605751226681564,0.1777299305678935,0.2554838142928846,0.16550185783545995,0.060882141576887816,0.19160002840699686,0.1416370032402277,0.13100728862643965,0.06812617864623247,0.16703968822116977,-0.025300888163729298,0.16244578624831243,0.11453983815349186,0.151615849833601,0.04022827192277535,0.061567053310657954,0.03982819409322918,0.07123954493449008,-0.014502005141895287,0.011192233414296364,0.20627141254353262,0.17727182206129882,-0.012010045530643458,0.21472028853811637,0.04039390282930439,-0.026071225868746824,0.05153014513162225,0.24648265713092413,0.10312850009880074,0.018664949806301043,0.05370161381301036,0.03318835145704386,0.09477626759122884,0.11969753774013933,0.039105235634240294,0.25584125513087264,0.03861481018098167,0.19247536089288175,0.19789971704714301,0.17208706991525635,0.11524763494804025,0.0588637770509484,0.012680981272007947,0.11150984143867514,0.2721864592139479,0.0067393374731716605,0.13900309752848475,0.05691846114189085,0.1909472185113256,0.28664951279546946,0.03332675105181881,0.11371345348149119,0.278567084018437,0.03003301754822471
TEAM,0.3940454065909016,0.35016885356195304,0.3666809968745149,0.39352218119587895,0.5795647037720895,0.12930058636438083,0.1472083517292938,0.3592955039048262,0.3639553862771572,0.22882111892418505,0.2916964827494679,0.4231643465927282,0.3685028686068779,0.04988790000847067,1.0,0.5427936968628118,0.27622606816203765,0.1883318331028568,0.20315770850595705,0.3577250417841867,0.30212984732829795,0.39465494089321096,0.19010328508152904,0.23072873058555549,0.24954376890899868,0.19999497771378558,0.10361021883122128,0.3998006054039079,0.21871181425011801,0.272581158940944,0.32881289605658887,0.4544761676553084,0.20554370477159362,0.46256820583522484,0.15050995441535306,0.5357275030538149,0.23090204250441523,0.12830700344897675,0.17875408783143856,0.39807759017485134,0.16226679212801118,0.12108239396660021,0.2131361572620363,0.07956442294648192,0.28044315486402993,0.12373964123768687,0.3739048110789055,0.23108857458432028,0.3849044719019744,0.34832164675309424,0.3339425059941074,0.5164599931074337,0.3511028783427669,0.030025973704125304,0.27045635189378214,0.07166335806336456,0.262033187759754,0.17267817601730967,0.2814552272554134,0.27141029278409506,0.354703161298801,0.35040489012508064,0.3694337553511796,0.3342515998466986,0.2590514893209658,0.4462244221816627,0.21742212739481434,0.002496021963866874,0.5457285759092819,0.04712093046702642,0.32328996122166986,0.26415869560064986,0.3904293126236339,-0.021893795487361766,0.21576015217490008,0.35316219848686325,0.1328523192911056,0.2543004113847642,0.2848824991045828,0.3474817662186412,0.30055738109484503,-0.00233962091212825,0.3393491930505406,0.024030914169151724,0.1903669454486688,0.18332088610116337,0.21068657206154717,0.18492280890512758,0.3943170807345582,0.29180468807284904,0.03897832864282182,0.3863445673583403,0.3440041305659336,0.39371177981885636,0.11106581608703976,0.09875898847370426,0.330711340037544,0.5003146718956263,0.13482846543262908,0.45606591811244185
ADSK,0.5364824381798732,0.39830809588231625,0.4140031734855403,0.4268911242198447,0.42783903416663954,0.18404019410101274,0.17993514179531342,0.5026645362159358,0.4951398001861612,0.45821649584611535,0.47716541370780163,0.38327642673690404,0.5295145080524727,0.1539175322349453,0.5427936968628118,1.0,0.398625058493483,0.2650150054077744,0.2713110740687461,0.37899960999101395,0.4373196257383257,0.49987477375573836,0.3596096962681607,0.35423826894542243,0.43913391877029073,0.33805421538731895,0.2123475556462564,0.3974370198597444,0.37590339321653615,0.23803459902873447,0.4673191588078141,0.402248861237049,0.32954880770180267,0.4964623193314242,0.30012791337260697,0.4588716395954037,0.2600615188352571,0.18770740687772322,0.16378094290225784,0.40122295954249804,0.28879893336320944,0.17336811718150852,0.41298377308132295,0.3088178410541756,0.35473792730798376,0.14995379853930307,0.4383219253830702,0.3836274457811254,0.47088180529747403,0.3709343641014724,0.35036124356044746,0.562405103583975,0.39194782100677306,0.08790711168716792,0.4387039119941229,0.11090993554003242,0.42434686276836775,0.2528646384656125,0.2969375404829927,0.40308439209654173,0.4021804955408631,0.3412994156627788,0.37670903107131676,0.5273181307675393,0.34221475437506277,0.4565587532525032,0.2776950059943264,0.1623009093884249,0.467793983183454,0.30827538954036443,0.33562540592708184,0.41373617458844003,0.5186704709907163,0.13105222234432928,0.3999689077348231,0.4720079131629322,0.35179671120136896,0.38167080315186497,0.41320753546021516,0.3933995668287987,0.3015081150957753,0.12861906052372865,0.4350437127051025,0.1094999528665303,0.39962758641572416,0.3049853749692606,0.31500043693364616,0.2007530192326806,0.4828417721737073,0.43125757505027984,0.09388829325206172,0.45174478814977964,0.5178590741394675,0.3649516871927479,0.3289049649300638,0.22512844616594999,0.29134042561650036,0.5602044694221087,0.1774621590694038,0.4713686315470557
ADP,0.33469486561556444,0.13762042080135456,0.22963628541977082,0.4247895198586864,0.26102944830826325,0.30088188009160627,0.2699694176060965,0.3481126091369731,0.2799567283623677,0.33440693576933783,0.3052592936767524,0.2763689377315508,0.30120262091035227,0.14008196014435575,0.27622606816203765,0.398625058493483,1.0,0.25789127754112157,0.3020008740505831,0.2808010935152147,0.293310206806703,0.2475478953767602,0.37727666444798885,0.3187259622898692,0.4519046561260318,0.366760608552677,0.14247169333440549,0.3094625250680548,0.3023937410077012,0.31600358718611726,0.3665095025712735,0.3914499578778391,0.31218199094549426,0.29186592897928637,0.4115475960114977,0.2506235138182325,0.14791427174905736,0.1610436219113034,0.18681245817202485,0.32470078287900916,0.28249348266999613,0.2900354702866085,0.38004329825144884,0.1949784824546476,0.21629479210623906,0.19470579159332435,0.32932292216703524,0.47527849807847805,0.46925038128322355,0.2999130133452534,0.30879057171845553,0.49066742044463907,0.322239190815338,0.19304443841892477,0.3345710569905929,0.17738870189300163,0.3003979398706992,0.3210979716847346,0.2924052146879108,0.25534695302078697,0.27416512847571617,0.15859098314761857,0.25413719056465045,0.3828596223050454,0.19968992512453296,0.15954084782786151,0.13738825386391185,0.22077320380453286,0.2529699783428944,0.28371993700104253,0.16012028721420468,0.12679848767374113,0.3821348073340945,0.23342076644821416,0.3376497074764131,0.24098143614390938,0.3399056328345295,0.23568469344975493,0.7842265091953304,0.3751327772372629,0.12714300013028246,0.2311646095427853,0.33204417377966755,0.19817112055796762,0.41950547878800504,0.24796085674405363,0.36276814298768373,0.054967123490572437,0.2428287864775933,0.335652459152105,0.14663000827569045,0.12960434330390883,0.3928855512453823,0.2768110290794186,0.46274906126694515,0.18352610859442842,0.23125246033879435,0.37367671638145644,0.24730375964865497,0.3046008048254302
BKR,0.16333744653951393,0.05579730424099016,0.2535323215019605,0.06745985538788804,0.11046341408480596,0.11844224140395324,0.05407103860072591,0.22428547087206893,0.14836592319902683,0.18054834060385033,0.1750688560015645,0.24569707604585805,0.16532094100252687,0.11316639472704278,0.1883318331028568,0.2650150054077744,0.25789127754112157,1.0,0.13911029643491765,0.2207236067796445,0.18599110558377244,0.10402005892833056,0.1843724950499505,0.2975698901969473,0.24268904779608722,0.26128554822689715,0.025765588096067226,0.29495552804993974,0.16372037066396303,0.3246398999080028,0.23713143918270763,0.25761875551635194,0.16696561865571521,0.08662207568545131,0.25199443703945845,0.05320661835197363,0.14990644480599308,0.7158931831032634,0.2082527085067817,0.1725054241738221,0.1392830707783506,0.11129022960587556,0.1940176771825839,0.19617512158747272,0.14186598676246448,0.11265844882853226,0.2078498662983056,0.3730425778235872,0.29589978253393523,0.07554930978412791,0.15618711888687162,0.1972062563534988,0.17402580690087624,0.07091185888960727,0.23489606892039588,0.12129681217853068,0.18175818095385965,0.30319538101101173,0.20666836332238103,0.2937712874885651,0.22437584841895572,0.22891304809597413,0.053935613120851635,0.27494408527556574,0.10942598839359671,0.06786012345577486,0.1060220551289884,0.02268418242823556,0.11584193139510922,0.04711818925030497,0.12659922745520746,0.09172872621543987,0.23788779568421822,0.16436247373173812,0.2950666178430605,0.25961591418058055,0.3324894173398934,0.1178733231080343,0.32761248627662437,0.24341098408559578,0.20677556942710845,0.01791099778659828,0.2869557132521946,0.05409216065095548,0.18460028224281733,0.24688237864375917,0.18714972237079303,0.1345865811345371,0.1056426990085358,0.1892394361890019,0.08415714403217364,0.09630948401061859,0.28322052350256527,0.12312381157521193,0.16496095481026976,0.10764305055633214,0.29989230832887354,0.12093514861755959,0.07480250738969123,0.0842986736340476
BIIB,0.2290646111637507,0.21602730821479368,0.1558455222379136,0.16390960049968967,0.15204881379651192,0.3137672142179502,0.3770316611422637,0.2337016316107559,0.2841095063067264,0.2392710308795435,0.2746912406944467,0.24337897986048806,0.2977424737798459,0.25416464828781304,0.20315770850595705,0.2713110740687461,0.3020008740505831,0.13911029643491765,1.0,0.1916905989011754,0.2728206980675732,0.2573109345494868,0.2385189657275151,0.3651848671430882,0.3626943607431563,0.21421777866330066,0.27594503138674126,0.2745146590815096,0.34163187637866854,0.17278949961128098,0.2739143461570522,0.37209867993068385,0.27638919944759105,0.1808461233463579,0.2730796382874355,0.11641909578268839,0.07526208385531119,0.14745565363872018,0.2548523194019098,0.19881754843595606,0.14489726640357842,0.2649080369909398,0.18978580148752416,0.07541939576656634,0.28500010871545733,0.44737132078419045,0.31766433594503435,0.3914555240182652,0.3747319731660632,0.35572097373540634,0.2247689411318382,0.2816008500123,0.2630194877936681,0.14115189062615432,0.28911439666856853,0.296673061700993,0.24807407175632143,0.1962286932955766,0.29995071396134443,0.2932144075922042,0.2620668907377521,0.19106671814919687,0.19332366352064184,0.3135995859124718,0.26602252396928644,0.23529220807252468,0.24841196653745412,0.304515996767135,0.1502266645633151,0.329368967341935,0.21123463685533655,0.13463611695377944,0.2974203403013929,0.22018995943089567,0.1773886269777714,0.27579900881337005,0.25202096417768005,0.1376978321033887,0.2591442585624145,0.2752235754966902,0.11250728791996341,0.25575532517760696,0.32734760591913853,0.3202038892611647,0.3477782569955613,0.25597446924337247,0.3379807325558577,0.12467520419495824,0.2045240991408669,0.1033818194647098,0.23481743175491643,0.253185617965994,0.360541756111482,0.10805501431004655,0.2801279141062983,0.3744825351239924,0.3842826902888327,0.21341317775065824,0.34245782912971323,0.14205752788761794
BKNG,0.3461625111460961,0.31078010751321955,0.4938243228723837,0.32768734986469683,0.4071110479292807,0.03911484035382228,0.2709646453966098,0.385642114659235,0.30019728092507175,0.2905735705169223,0.3491321781771972,0.376426854301178,0.45249323041227946,0.1542034739392118,0.3577250417841867,0.37899960999101395,0.2808010935152147,0.2207236067796445,0.1916905989011754,1.0,0.3381629082238412,0.39590234137764185,0.28404117585220173,0.23440735826389686,0.3123665452980641,0.1923084124943205,0.29651264869492316,0.24772976271304198,0.33318429329591737,0.25130266661278755,0.46738380465072815,0.27594691396679144,0.298249453338986,0.2661068328668306,0.22453238266746822,0.24408794891932076,0.12439764227967166,0.18309004991725983,0.23730145977214315,0.380431922506424,0.30733516889239143,0.0386297122129543,0.24774555469975892,0.002037278911557855,0.2823050062720558,0.27123777217832007,0.36600115974470615,0.3019650757275541,0.3971674698018617,0.19280143851333706,0.24856595458361905,0.4336189304436444,0.2910605841613265,0.05016115941982915,0.3867544997951132,0.08997136597982058,0.36254069403173783,0.35278234135123004,0.2746805849919313,0.5622592122713624,0.295862456703487,0.35194367695294004,0.33311383529354155,0.3448851347879642,0.3200160527906296,0.2557844771654635,0.039418476776171794,0.1601488777212852,0.26888759745029306,0.22434223752273413,0.2514546340710155,0.31832286536023163,0.4218838045552232,0.16532453481540488,0.3047771970539426,0.3247205772504063,0.3521941237952585,0.16113460235491514,0.27457929002721637,0.3109072297724452,0.21881857859730638,0.13433491212040383,0.3875593480043107,0.10173524608797355,0.3190613000044671,0.331050349423418,0.3932671334135729,0.22469989044449554,0.3671160872198368,0.3058927680714016,0.12863499238561524,0.35224138068759325,0.3406232716065829,0.3136264478832486,0.21874623571069643,0.22240514885492127,0.3503935025994393,0.2923737013844423,-0.040107376320493444,0.3155952134587576
